GlobalLevel Predictions:numClasses = 4
numUsers = 45
predictions = [0 0 0 3 0 3 3 0 3 3 0 1 1 2 1 1 0 0 2 0 1 1 2 1 1 2 3 0 2 0 1 3 3 3 1 2 2
 3 2 0 1 0 1 3 0]
meanConfidence = 0.9958157913413558
confidencePerUser = [1.00 1.00 1.00 1.00 1.00 0.99 1.00 1.00 1.00 1.00 1.00 0.86 1.00 1.00
 1.00 1.00 1.00 1.00 0.97 1.00 1.00 1.00 1.00 1.00 1.00 1.00 1.00 1.00
 1.00 1.00 1.00 1.00 1.00 1.00 1.00 1.00 1.00 1.00 1.00 1.00 1.00 1.00
 1.00 1.00 1.00]
percentPerClass = [0.31 0.27 0.18 0.24]
numbersPerClass = [14 12  8 11]
centroids = [[0.15 0.63 0.10]
 [0.68 -0.28 0.04]
 [-0.23 -0.78 -0.12]
 [-0.76 0.06 -0.08]]
gmmProbs = [[1.00 0.00 0.00 0.00]
 [1.00 0.00 0.00 0.00]
 [1.00 0.00 0.00 0.00]
 [0.00 0.00 0.00 1.00]
 [1.00 0.00 0.00 0.00]
 [0.01 0.00 0.00 0.99]
 [0.00 0.00 0.00 1.00]
 [1.00 0.00 0.00 0.00]
 [0.00 0.00 0.00 1.00]
 [0.00 0.00 0.00 1.00]
 [1.00 0.00 0.00 0.00]
 [0.14 0.86 0.00 0.00]
 [0.00 1.00 0.00 0.00]
 [0.00 0.00 1.00 0.00]
 [0.00 1.00 0.00 0.00]
 [0.00 1.00 0.00 0.00]
 [1.00 0.00 0.00 0.00]
 [1.00 0.00 0.00 0.00]
 [0.00 0.00 0.97 0.03]
 [1.00 0.00 0.00 0.00]
 [0.00 1.00 0.00 0.00]
 [0.00 1.00 0.00 0.00]
 [0.00 0.00 1.00 0.00]
 [0.00 1.00 0.00 0.00]
 [0.00 1.00 0.00 0.00]
 [0.00 0.00 1.00 0.00]
 [0.00 0.00 0.00 1.00]
 [1.00 0.00 0.00 0.00]
 [0.00 0.00 1.00 0.00]
 [1.00 0.00 0.00 0.00]
 [0.00 1.00 0.00 0.00]
 [0.00 0.00 0.00 1.00]
 [0.00 0.00 0.00 1.00]
 [0.00 0.00 0.00 1.00]
 [0.00 1.00 0.00 0.00]
 [0.00 0.00 1.00 0.00]
 [0.00 0.00 1.00 0.00]
 [0.00 0.00 0.00 1.00]
 [0.00 0.00 1.00 0.00]
 [1.00 0.00 0.00 0.00]
 [0.00 1.00 0.00 0.00]
 [1.00 0.00 0.00 0.00]
 [0.00 1.00 0.00 0.00]
 [0.00 0.00 0.00 1.00]
 [1.00 0.00 0.00 0.00]]