GlobalLevel Predictions:numClasses = 4
numUsers = 45
predictions = [1 3 0 2 1 2 0 0 0 2 1 0 2 0 1 2 1 1 2 1 3 2 0 3 1 2 0 0 2 2 1 0 0 2 1 2 1
 0 1 0 1 0 0 0 0]
meanConfidence = 0.8993272077509046
confidencePerUser = [0.99756114 0.99987849 0.69025146 0.78656397 0.9869975  0.76357476
 0.94498225 0.98045181 0.96093654 0.99990393 0.8851708  0.96470358
 0.99998216 0.90469819 0.90306084 0.99984467 0.96636313 0.85866079
 0.99954457 0.99363769 0.9999997  0.99951005 0.7925221  0.9962892
 0.9253383  0.98084576 0.79311685 0.86488576 0.97927884 0.68961499
 0.99940791 0.83601106 0.91850307 0.99936437 0.92563967 0.99996905
 0.83800543 0.62388567 0.75407818 0.96625057 0.99999919 0.52088497
 0.99116287 0.52039032 0.9680022 ]
percentPerClass = [0.37777778 0.28888889 0.26666667 0.06666667]
numbersPerClass = [17 13 12  3]