GlobalLevel Predictions:numClasses = 4
numUsers = 45
predictions = [0 3 0 3 0 3 1 0 1 3 2 0 0 1 2 3 2 2 3 0 2 3 1 3 2 1 1 0 1 3 2 1 1 3 2 3 3
 1 3 0 0 3 0 1 0]
meanConfidence = 0.9706941639043153
confidencePerUser = [0.9999999  0.99817227 0.99999671 0.57680961 1.         0.96687185
 0.99996081 0.99999998 0.99997802 0.99749809 0.90401451 1.
 0.98354348 0.99908297 0.98037184 0.99999965 0.91847158 0.98993651
 0.54482916 0.9999914  0.95760464 0.99875734 0.99765136 0.99999988
 0.99861877 0.96171564 0.99996845 0.99999999 0.99393358 0.99968351
 0.9979409  0.99993833 0.99999453 0.98478057 0.99871657 0.99967776
 0.99998586 0.94002449 1.         0.99999998 1.         0.99999915
 1.         0.99271771 1.        ]
percentPerClass = [0.26666667 0.24444444 0.17777778 0.31111111]
numbersPerClass = [12 11  8 14]